$ANSIBLE_VAULT;1.1;AES256
62663832303062383764613339356362383035313638333564613133333161613039346161646166
3539366664316636363862346430613539666461613865650a346263653839333732333565636330
65356438623261326230613835656634646439653730326364323030386630376337336431656161
3663306162383133320a383466363232373836376538333836326165346361613439653562343334
36653462363035653535356665323836303437646230373937313133353933353738383134313364
38323032383363636535643763633862663332616366393164633730653562373462626139643963
30623063363462616334373032346438316539633335663838633032303835346132373531396139
66643038363331366537613161623264646235386530356265303365653266653631363436346534
37386666326262393862363166376231333539383133663137313635643962316335393738346132
37623439316462303838653561613665383263363966353163373764336532636634613163386234
65386232646430643537633735646332653763323464656534633730633065626335343563323837
39363063396566616461626438386439633832366363616533383730613334633862653634336266
61343561663566343965646634356561306464383362373432663530353131373063363065346362
39633939343835396466343563646366356332326162333364313966343565386365323831633761
34393037626234356433613130656265313930396530323261363236663431343235353436323839
37393961313232626363626261663138396132613462666234386638656437336131383430333739
37353032666139326437663632326163343065646164633466386366306438316635343763393436
33646663616662373566343836353636336631616438303863393334373633303366353034383036
33373139306234353065343761323538353830383665653932363837663662306136616337623733
32633635386432303430343437333338613335663564666633306462326438313462323535376661
31633436663135356263343038393739666634356161333034653435636265353537313738373162
34333835313462343934336665373534383864396364333430326337363837316130613332626230
61316536303165383732663565616263386134396264383837333533396164663766393862623330
65303762653835303664613537326131353662303635643264663730336464656661376331313761
3430
